100 100
137986 946717
395504 99526
645101 176907
282294 637360
913864 668297
299033 645034
458954 536809
117584 183798
843271 355805
412309 985049
616709 17063
972820 199195
152032 283818
631124 148942
358725 924564
848259 499572
468042 138207
504858 543570
708564 461480
961982 624073
1818 749502
743564 337164
582614 232959
883386 232589
350412 637266
657402 307978
754691 566264
575200 474232
132883 858689
466066 23763
214258 419870
672265 644883
692996 557089
360848 195049
122529 53522
244538 901521
367359 767041
763877 874643
415388 988638
675507 423402
154193 858869
771863 410459
378528 292359
805026 770751
584680 418678
855849 123854
400390 518702
591854 761995
981089 929637
484524 647793
688905 273860
644712 782307
340318 556886
18802 534206
864050 498961
276366 619038
939073 657208
29692 433519
684665 367893
265410 778222
954042 750156
42178 518630
721944 634326
638519 935152
521166 31344
426110 943251
377695 958797
165046 844076
617892 63985
367788 847170
382215 808054
480439 430731
64851 455077
832465 4387
19758 659186
612218 466445
929927 819993
550320 834139
120879 36385
456844 324991
606271 936510
144949 191801
182992 691323
708466 897973
866582 983142
718491 724408
924674 396786
329420 486113
520191 442563
690435 201694
696289 606286
206901 750504
321026 386348
767428 264010
844441 372272
825499 194294
613987 233047
196606 93891
794123 36111
110915 742719
993803 614630
845743 693091
372884 6393
108589 412952
273156 558749
521539 350039
774843 760844
791449 879073
117026 247783
803645 504699
694307 746360
918952 868303
723747 484756
156853 829692
874398 328667
977594 992759
765745 532826
653800 471671
191439 887887
542391 338015
632750 894166
266686 397409
153311 813768
972206 271352
222944 567623
88322 386434
255575 813366
463060 189023
612379 18812
993226 435149
125593 758235
554053 395028
713401 170005
9119 400400
340495 488955
24095 297521
668141 462473
801669 87761
322394 674884
474990 196642
896280 66947
449596 159428
127732 550893
814510 662667
86316 832722
670330 401334
636380 552937
966990 4360
9020 196809
375281 982948
275706 889421
774279 934917
894468 849348
35470 875730
203388 446503
908987 668514
80026 556789
331228 13538
330084 433291
11306 223173
252911 673520
830368 623988
369003 47871
145857 143543
758738 660520
66053 925291
389400 630986
35320 660738
153501 523771
398534 75905
23201 581452
655377 651780
270032 3549
241946 173393
81555 679633
468211 98300
97781 525134
890944 505453
676399 726964
502450 625002
751242 679810
15534 171841
53403 825011
33139 636618
489108 63706
839996 115946
71770 891811
160162 250368
316767 931423
189839 398080
514781 547096
337307 249292
110515 639314
390415 503254
820662 232935
255747 291281
351540 511758
184343 321819
636472 76730
643289 317917