20 100
1885 8612
1439 1904
8602 6606
3658 839
2184 6963
843 3902
8360 8245
4014 8635
9589 3974
7950 2863
1201 1703
4663 3190
5799 1110
919 4378
9315 8222
8155 9891
5984 2903
4043 8450
1459 303
5025 1168
1459 303
8602 6606
919 4378
1201 1703
1885 8612
9589 3974
8155 9891
8602 6606
919 4378
8155 9891
4663 3190
7950 2863
3658 839
4043 8450
4043 8450
4043 8450
1439 1904
5025 1168
1201 1703
4663 3190
8360 8245
919 4378
843 3902
8360 8245
1885 8612
9589 3974
2184 6963
7950 2863
9315 8222
1459 303
1459 303
919 4378
8155 9891
3658 839
1885 8612
843 3902
4014 8635
1885 8612
5799 1110
1885 8612
5984 2903
919 4378
3658 839
9315 8222
8155 9891
4663 3190
5984 2903
1885 8612
2184 6963
4043 8450
1201 1703
9589 3974
4014 8635
3658 839
843 3902
4663 3190
3658 839
8155 9891
9315 8222
919 4378
8602 6606
3658 839
7950 2863
4663 3190
843 3902
3658 839
5025 1168
2184 6963
5799 1110
919 4378
8602 6606
843 3902
8602 6606
3658 839
9589 3974
5984 2903
9315 8222
5984 2903
5025 1168
9589 3974
9589 3974
9315 8222
9589 3974
9315 8222
5799 1110
1201 1703
1439 1904
4663 3190
5799 1110
5025 1168
5984 2903
9315 8222
2184 6963
1885 8612
1201 1703
843 3902
4663 3190
8602 6606
8360 8245
8602 6606