20 100
4439 8456
1360 2123
5156 2068
4053 9951
5470 9913
6036 4169
9914 7083
6165 4424
288 6846
1974 5726
3722 4233
1480 9525
5602 8421
9173 653
7259 1486
4659 1773
6840 5330
3974 1355
5137 4137
1623 2525
6745 4984
1322 3554
6866 1000
3402 4432
4741 8531
3701 3672
1857 9078
1866 3443
459 4917
3167 4856
3390 4445
12 432
9960 1372
8203 6880
542 433
5210 6869
6364 7631
7862 2313
9226 7116
4509 3065
4558 8073
184 2120
10000 3231
7703 9705
8670 1894
1316 7425
4562 6624
5717 895
1411 4650
4950 9675
3597 8820
2909 6903
438 9669
49 7976
1635 3355
5156 5686
4582 6698
370 945
5653 4018
7160 3616
9678 3194
2607 9580
4258 4020
9658 7440
3881 4113
1093 9920
299 3959
7808 1137
6014 6353
8355 9743
9275 7157
1626 7651
8139 9031
2463 5410
1306 1713
2078 5290
3782 7698
3091 7035
3330 4962
6493 2475
5865 9927
8943 9950
2200 2814
7285 1425
7359 9518
8411 7263
9379 5310
8600 7787
873 3882
9803 376
9436 8016
2546 8950
6548 9291
8126 8279
9245 8198
8990 3008
5220 2908
1510 8183
8076 590
9765 3650
1026 7260
1927 2578
106 4943
4694 7700
8014 8916
9924 1449
4149 4331
9695 2079
6244 4682
2957 1067
2038 8433
6128 9458
9968 2159
1565 5671
6800 4271
9025 5000
7992 3288
3049 2273
6580 7418
6148 6645