100 5
8104 3943
8672 9114
4570 3654
5762 3028
2459 3101
9935 4333
3563 3549
2702 1428
9604 5953
9881 5873
9597 5128
2113 5619
9086 6732
8700 530
2598 870
4030 144
3062 5285
9308 3933
6634 7899
3985 3875
6266 2105
3817 7657
2217 4889
1984 4141
8872 8063
26 3381
9883 8198
7022 2027
9228 2777
9707 979
645 9289
3246 7392
9910 1807
8922 4643
6733 5636
6467 8578
9129 5141
4902 6876
7742 4768
1254 8248
6500 1422
2961 6259
5216 1226
2664 2667
9209 2640
3860 8121
6210 2503
4558 1275
8852 4280
3692 3110
6410 6924
7951 175
1452 2988
9422 9331
8983 2255
9203 6293
5760 2411
6921 7143
6638 1282
3844 8563
7078 7970
7956 8524
6029 4623
2143 608
5337 7735
1500 2812
6546 8812
4094 5857
1892 5499
5361 4423
8148 10
4170 2589
4026 5249
1770 1600
7399 5294
1396 6389
7815 4935
619 5129
5097 1358
9730 2456
9361 4031
3598 7125
8529 6363
7620 5021
4324 6402
8994 2728
2741 4621
3881 1851
8774 4173
1662 2365
342 2128
9131 1382
3925 5410
6689 9074
134 4832
171 9262
7582 9359
3583 7435
4783 8238
9652 5389
2214 5645
8627 4273
4687 4596
207 9846
2391 7953