20 100
2906 8635
1949 9439
2982 4451
1203 9813
1237 1966
915 6857
8456 4765
9085 2816
3612 742
847 150
4442 2789
4635 9501
9447 4446
9689 6473
11 4802
801 9323
5226 8823
9287 4488
2616 6548
4099 519
6641 2808
6366 4423
6699 1517
8939 6790
869 475
4884 6910
5543 4057
7617 2865
2130 3638
2510 8694
7017 5687
3042 3585
7354 8001
1179 6635
9442 945
3757 8275
8936 8092
3608 766
2664 5974
2243 6282
3704 1624
6484 7790
8478 4143
7049 799
7083 6300
6954 5715
2159 7174
1594 6093
1827 8116
1888 8103
4072 6578
3046 6648
5940 3974
269 5477
418 7316
6208 8052
9116 7714
2266 7015
5055 2423
8036 6835
7803 2695
6450 8864
7806 4027
1359 1865
5271 445
160 2181
1653 3531
1203 7828
6447 2722
4494 3196
8311 3156
4365 5820
1094 8421
9732 1866
4281 2424
138 5634
2881 8961
5190 6951
5923 589
1297 128
4822 7183
5074 5474
346 6289
1191 122
4103 8038
9355 2450
544 9580
7905 9973
8748 990
3524 8173
8054 1980
8043 2484
4706 5961
1808 8717
805 4724
9967 2333
6919 7854
8353 1870
2313 3157
2511 8376
8985 9427
8377 5083
3177 5502
15 8635
525 2533
3094 6923
7374 6748
159 2695
7737 5305
7110 6869
2647 1622
5249 433
384 336
8212 406
6615 9801
4160 8605
9162 4054
7764 9622
651 3095
773 3185