20 100
6696 682
5219 1364
6344 3984
2330 6738
4019 8872
5184 711
6719 598
5423 2091
9740 5354
794 3261
1392 501
4161 8165
5291 928
551 1893
4929 7820
9580 8728
8501 652
550 7737
3071 2297
6476 4193
8501 652
3071 2297
6719 598
6696 682
4929 7820
5423 2091
6719 598
6696 682
4929 7820
5291 928
1392 501
6719 598
6719 598
2330 6738
5291 928
5291 928
6719 598
4929 7820
6476 4193
8501 652
4929 7820
5184 711
5219 1364
5423 2091
6476 4193
6696 682
6476 4193
4019 8872
9740 5354
550 7737
6719 598
4929 7820
3071 2297
6344 3984
9740 5354
6476 4193
551 1893
9740 5354
4929 7820
6719 598
8501 652
5423 2091
5184 711
6696 682
794 3261
4161 8165
2330 6738
4161 8165
9580 8728
5291 928
5291 928
6476 4193
6719 598
9740 5354
3071 2297
3071 2297
3071 2297
8501 652
8501 652
9580 8728
5184 711
3071 2297
4929 7820
9580 8728
5291 928
551 1893
6344 3984
9740 5354
551 1893
5423 2091
4019 8872
9740 5354
4019 8872
6719 598
1392 501
4019 8872
9580 8728
6476 4193
6696 682
4019 8872
6344 3984
6476 4193
9580 8728
5219 1364
4161 8165
4929 7820
4929 7820
5219 1364
4929 7820
551 1893
4929 7820
6696 682
6476 4193
550 7737
5184 711
4929 7820
6476 4193
551 1893
794 3261
5423 2091