100 100
185160 699080
873339 56445
637561 342487
726165 843332
727161 818946
12538 675427
346076 594306
262588 921279
980382 13763
354611 301484
880349 633867
183779 921330
223635 207086
210964 272338
941663 222663
904265 935646
627603 479557
49434 868564
268331 839951
945079 494863
545096 642128
569082 47937
94006 831135
429512 3808
59524 840788
838624 857538
204042 923397
822238 480118
448334 68936
126091 611584
513281 179240
486231 987151
315399 397369
951186 420858
844569 133841
329925 10803
426995 903997
275919 919354
588974 333861
116998 436764
414540 454798
873669 239716
213360 769144
7434 650309
818260 250813
965981 139431
67733 161033
798387 32498
561187 758702
279620 180536
945205 90123
698393 510299
996279 269749
948166 564159
995850 751940
162473 121714
806230 38640
182039 169544
791627 856044
934855 30787
324767 423869
699973 874241
31005 174927
163743 521507
75329 416438
114457 968905
251234 60673
986468 724313
457812 745941
50498 671791
255678 881421
128779 20519
336467 56127
772711 38698
776305 429782
782105 775348
942796 652742
958714 133137
858781 87770
473596 891910
941975 508378
951784 678497
620561 697394
922704 930376
713941 433464
35797 147422
33498 613274
485569 408634
756854 696868
300050 641524
296917 839940
467712 265923
241650 916787
731005 389836
782069 594914
616513 532125
429995 173765
949253 733100
395551 911964
971316 744026
787354 587979
534534 441644
722377 696586
437447 860702
809167 800103
341581 75382
725691 842194
910617 7590
675553 494210
102106 741289
586263 978860
786737 284444
317734 737957
69877 402164
603974 372324
560152 428702
118714 528115
241748 189767
528161 750757
534390 86753
976976 991468
109571 849342
892735 109756
945550 368793
642187 964987
361779 550771
549686 466638
451290 445398
491487 522241
54816 491821
205756 996622
908502 223225
725081 248179
274382 969975
295287 519108
221336 30057
855888 425970
917008 481144
751917 767349
965842 713424
953830 46939
819687 670736
542882 4951
626506 846801
285262 203229
642727 396020
824004 697820
215580 822125
971993 989851
778490 634865
591312 149271
216553 590519
725512 41241
607955 606077
194805 97760
834730 376455
739016 187392
895473 298069
568575 21036
636289 472048
963459 157113
803439 974858
481462 430994
199597 252110
602040 336244
26401 28278
212922 326992
417808 963036
971702 114933
567009 948948
581213 312216
269525 917423
73475 557334
268294 941407
314913 672753
71693 96762
807450 453358
725376 339498
451874 857568
33170 518051
311034 360377
180501 936393
330553 831096
533967 903332
135923 903929
822086 885501
842618 471813
720150 790918
554114 473879
938575 45752
575759 600403
614830 723106
450901 392790
315766 996407
414121 829337
479845 948476
832225 671433
57848 650739
345464 787461
82164 668924